10 22 26
11111111111111111111111111
10000000000000000000000001
10000000000000000000000001
10000000000000000000000001
10000000000000000000000001
10000000000000000000000001
10000000000000000000000001
10000000000000000000000001
10000000000000000000000001
10000000000000000000000001
10000000000000000000000001
10000000000000000000000001
10000000000000000000000001
10000000000000000000000001
10000000000000000000000001
10000000000000000000000001
10000000000000000000000001
10000000000000000000000001
10000000000000000000000001
80500000000000000000000001
10000000000000000000000001
11111111111111111111111111
